1 0.68838 0.4534011090573013 0.12464 0.20957486136783732
1 0.24284 0.6343438077634012 0.14909999999999998 0.13813308687615528
1 0.38351999999999997 0.678927911275416 0.10158 0.11434380776340111
1 0.5539 0.6700369685767098 0.11344 0.137634011090573
1 0.7113200000000001 0.6504621072088724 0.11272 0.14778188539741222
1 0.84804 0.6425323475046211 0.1494 0.15974121996303142
1 0.7384 0.5775415896487985 0.00023999999999999998 0.004214417744916821
1 0.68568 0.9124953789279113 0.17256 0.15837338262476897
1 0.8889199999999999 0.90637707948244 0.14126 0.12149722735674677
1 0.2105 0.08702402957486137 0.12890000000000001 0.17402957486136786
1 0.47254 0.13504621072088724 0.19962 0.11918669131238448
1 0.67986 0.1479667282809612 0.15869999999999998 0.16146025878003695
1 0.84436 0.19933456561922366 0.06556000000000001 0.17735674676524954
1 0.10844 0.35846580406654344 0.15080000000000002 0.17375231053604437