4 0.7560375 0.10941666666666668 0.07921249999999999 0.14466666666666667
4 0.5523375 0.11916666666666667 0.08502499999999999 0.08128333333333333
4 0.43645 0.2227 0.1059375 0.0864
4 0.312125 0.21145 0.09820000000000001 0.08510000000000001
4 0.09880000000000001 0.17328333333333334 0.0988375 0.09361666666666667
4 0.2000625 0.07611666666666667 0.0691 0.15223333333333333
4 0.15987500000000002 0.49188333333333334 0.0664375 0.14293333333333333
4 0.362275 0.5807333333333333 0.084875 0.10853333333333334
4 0.45006250000000003 0.57355 0.049087500000000006 0.09416666666666666
4 0.61155 0.5068166666666666 0.09022500000000001 0.08491666666666667
4 0.6925749999999999 0.5532166666666667 0.061375 0.09288333333333333
4 0.6881499999999999 0.46516666666666673 0.036625 0.06225
4 0.7737125 0.48526666666666673 0.1009375 0.09033333333333333
4 0.8717125 0.3766333333333333 0.1014625 0.12458333333333334
4 0.8883125 0.5122333333333333 0.068775 0.09273333333333333
4 0.8771 0.6465 0.085475 0.12188333333333333
4 0.7801375 0.5901166666666666 0.0567 0.07576666666666666
4 0.77095 0.6714333333333333 0.0728 0.11914999999999999
4 0.7614375 0.7332333333333333 0.057725 0.09861666666666667
4 0.74315 0.7874833333333333 0.0693 0.09315
4 0.6695749999999999 0.7550333333333333 0.0722 0.07316666666666666
4 0.516225 0.74615 0.059500000000000004 0.10306666666666667
4 0.34883749999999997 0.6986833333333333 0.06708750000000001 0.1232
4 0.22787500000000002 0.673 0.102425 0.10215