1 0.14609375 0.15390625 0.2921875 0.303125
1 0.27734375 0.21640625 0.2390625 0.4328125
1 0.44375 0.121875 0.1359375 0.24296875
1 0.6515625 0.11171875 0.275 0.2234375
1 0.47890625 0.4546875 0.34140625 0.4453125
1 0.16171875 0.446875 0.27890625 0.31640625
1 0.053125 0.578125 0.10625 0.31875
1 0.1125 0.81015625 0.225 0.37890625
1 0.3546875 0.8203125 0.11640625 0.35859375
1 0.5125 0.82421875 0.225 0.3515625
1 0.6703125 0.79453125 0.2578125 0.3984375
1 0.76171875 0.634375 0.2015625 0.5015625
1 0.91640625 0.40859375 0.1671875 0.4359375
1 0.8265625 0.2625 0.3109375 0.19140625
1 0.94296875 0.82421875 0.1109375 0.3515625