4 0.75625 0.109375 0.07890625 0.14453125
4 0.55234375 0.11953125 0.08515625 0.08125
4 0.43671875 0.22265625 0.10625 0.08671875
4 0.3125 0.21171875 0.0984375 0.08515625
4 0.0984375 0.1734375 0.09921875 0.09375
4 0.2 0.07578125 0.06875 0.1515625
4 0.16015625 0.4921875 0.06640625 0.14296875
4 0.3625 0.58046875 0.08515625 0.10859375
4 0.45 0.5734375 0.04921875 0.09453125
4 0.61171875 0.50703125 0.08984375 0.08515625
4 0.6921875 0.553125 0.06171875 0.09296875
4 0.68828125 0.46484375 0.03671875 0.0625
4 0.7734375 0.48515625 0.10078125 0.090625
4 0.871875 0.3765625 0.1015625 0.12421875
4 0.88828125 0.5125 0.06875 0.09296875
4 0.87734375 0.646875 0.08515625 0.121875
4 0.78046875 0.58984375 0.05703125 0.07578125
4 0.77109375 0.67109375 0.07265625 0.11953125
4 0.76171875 0.73359375 0.0578125 0.0984375
4 0.74296875 0.7875 0.06953125 0.09296875
4 0.66953125 0.7546875 0.071875 0.0734375
4 0.51640625 0.74609375 0.059375 0.103125
4 0.34921875 0.6984375 0.0671875 0.1234375
4 0.228125 0.67265625 0.10234375 0.10234375