3 0.1548792270531401 0.10889344262295082 0.25072463768115943 0.21774590163934426
3 0.5209178743961352 0.1098360655737705 0.28043478260869564 0.219672131147541
3 0.8517391304347827 0.1098360655737705 0.24342995169082127 0.219672131147541
3 0.833864734299517 0.34475409836065574 0.23864734299516907 0.26262295081967213
3 0.5160386473429951 0.35512295081967216 0.28338164251207726 0.24762295081967214
3 0.18014492753623187 0.35495901639344263 0.26309178743961353 0.23831967213114755
3 0.17130434782608697 0.6103278688524589 0.2718840579710145 0.2365573770491803
3 0.5168115942028986 0.6166803278688524 0.3066183574879227 0.26389344262295084
3 0.8492753623188406 0.6415573770491803 0.27743961352657004 0.26811475409836066
3 0.6750241545893719 0.8663524590163934 0.268743961352657 0.24688524590163935
3 0.34429951690821253 0.8559836065573772 0.3392753623188406 0.21471311475409835