1 0.44780000000000003 0.511475 0.3967833333333333 0.46137500000000004
1 0.11969999999999999 0.444925 0.23939999999999997 0.32825000000000004
1 0.1193 0.12455 0.20908333333333334 0.249125
1 0.2830666666666667 0.18955 0.22378333333333336 0.379125
1 0.3395666666666667 0.136225 0.14856666666666668 0.27245
1 0.46116666666666667 0.15705 0.11646666666666666 0.314125
1 0.5934 0.146225 0.152 0.29245
1 0.82945 0.10705 0.29788333333333333 0.214125
1 0.8435833333333332 0.32557499999999995 0.3128166666666667 0.196275
1 0.8247 0.70595 0.3506 0.43700000000000006
1 0.7121833333333334 0.7929 0.24555000000000002 0.414225
1 0.5721833333333334 0.8176000000000001 0.18335 0.3503
1 0.4837833333333333 0.8367 0.1021 0.3185
1 0.4069833333333333 0.8229000000000001 0.09293333333333333 0.354225
1 0.32466666666666666 0.828725 0.10165 0.34255
1 0.2614833333333333 0.80455 0.09528333333333333 0.390875
1 0.1318 0.8020499999999999 0.22703333333333334 0.395875