1 0.28484641638225255 0.4775135623869801 0.10219567690557452 0.20733273056057866
1 0.4233902161547213 0.44398734177215193 0.09941979522184301 0.21443037974683543
1 0.5339362912400455 0.41972875226039785 0.07934015927189988 0.16771247739602171
1 0.6651877133105802 0.5067269439421339 0.16209328782707622 0.2205515370705244
1 0.8150853242320819 0.5260669077757686 0.11604095563139932 0.17966546112115733
1 0.9185893060295791 0.5798915009041592 0.022810011376564278 0.2023236889692586
1 0.8272241183162685 0.68248643761302 0.09405005688282139 0.22358951175406871
1 0.6594994311717862 0.7815641952983725 0.1905688282138794 0.12603074141048823
1 0.5089647326507395 0.7679927667269439 0.09764505119453924 0.193625678119349
1 0.32715585893060295 0.7905424954792044 0.21136518771331056 0.155750452079566
1 0.1666325369738339 0.8725858951175407 0.12738339021615472 0.19962929475587704
1 0.11155858930602958 0.7908137432188065 0.069613196814562 0.30891500904159136
1 0.07547212741751991 0.8730470162748644 0.14779294653014788 0.10401446654611213
1 0.10149032992036404 0.4479113924050633 0.1973947667804323 0.24577757685352622
1 0.08564277588168373 0.24328209764918626 0.12928327645051194 0.20904159132007233
1 0.24249146757679182 0.17460216998191683 0.11532423208191127 0.18018083182640146
1 0.371740614334471 0.16563291139240507 0.10762229806598407 0.18213381555153707
1 0.3039362912400455 0.04593128390596745 0.1440386803185438 0.08919529837251357
1 0.5085551763367463 0.1316094032549729 0.1514448236632537 0.20269439421338156
1 0.6359271899886234 0.07028933092224231 0.10804323094425483 0.14056962025316455
1 0.7905688282138794 0.10633815551537071 0.09226393629124004 0.17877034358047017