1 0.14609375 0.152734375 0.2921875 0.30546875
1 0.27734375 0.20996518923945598 0.2390625 0.41993037847891196
1 0.44375 0.10651270934900361 0.137109375 0.21302541869800723
1 0.6515625 0.09073747286911894 0.275 0.18147494573823789
1 0.47890625 0.4155947252850149 0.3419921875 0.4744009527022589
1 0.16171875 0.43367401408482553 0.2794921875 0.33863505989687753
1 0.053125 0.5737884442404259 0.10625 0.3274231115191483
1 0.1125 0.8009729554503136 0.225 0.39785877659937297
1 0.3546875 0.7913596130169605 0.1158203125 0.36863401678465985
1 0.5125 0.7823837414958724 0.225 0.369929089099373
1 0.6703125 0.7398141199747844 0.258984375 0.41957820932792417
1 0.76171875 0.5721964431531641 0.2015625 0.5168440277348552
1 0.91640625 0.333788163147345 0.1671875 0.4495848960668953
1 0.8265625 0.19502829421133078 0.309765625 0.21610625895104665
1 0.94296875 0.747244885267558 0.1109375 0.36061824879205207