1 0.14590114799084744 0.17098216037013636 0.2918022959816949 0.3372768207402727
1 0.24177657897649468 0.24882308519464388 0.3101968420470106 0.4607548987874959
1 0.4237193910481342 0.17374193631143023 0.17713849256887287 0.2595804750398873
1 0.6332011084607897 0.18787548395023385 0.31172278307842055 0.255580390108492
1 0.4041766704488084 0.510663612603709 0.41537355298712375 0.4864575288210011
1 0.1269861991632328 0.46577721094448243 0.2539723983264656 0.34848826402361655
1 0.01871344103141005 0.5843344219527769 0.0374268820628201 0.3311688439055537
1 0.06151664316057557 0.810205078125 0.12303328632115114 0.37958984375
1 0.219866093593211 0.8377054763919934 0.17485282830525825 0.32458904721601306
1 0.37703658689603586 0.8475953973516305 0.2827806027457667 0.3048092052967391
1 0.5397283377945673 0.8292626643147777 0.32446905811186894 0.34147467137044457
1 0.6574568623787499 0.7234071529993742 0.2838035579081414 0.5239499024090651
1 0.8492523494754757 0.5157062786854008 0.23883544740475066 0.45547891614550373
1 0.7834196499498275 0.3591113003829105 0.34112765215700785 0.22702672138641217
1 0.8075053368960358 0.8760856863114302 0.16871810274576687 0.24782862737713957