1 0.26292360752916055 0.5056385873692306 0.1114277384191908 0.2177141808351843
1 0.4027695115819364 0.485765895490748 0.10972022771817294 0.22279381807923074
1 0.5140537679920774 0.47247747992653294 0.08748347978621496 0.17528986294290833
1 0.6412283899941492 0.5730008571266172 0.17139403210192583 0.23630102111617485
1 0.790355094708879 0.6066347167838563 0.12536126731717356 0.1912961353316227
1 0.891750620763727 0.6708511404005897 0.031521914597873034 0.20511963039227615
1 0.7955412466947404 0.7649062884219596 0.1041021878608083 0.23156803728577452
1 0.6229876964470713 0.8466769664099469 0.19645606539435684 0.1441102174810748
1 0.47282503060747105 0.8184343366503264 0.10726623878112633 0.203498152874468
1 0.2905197988044362 0.823105922897829 0.2184011763846975 0.1770044951685879
1 0.12576163193137863 0.8891680318072496 0.13607296220954973 0.2125776366113911
1 0.07489479880443616 0.8017103746405478 0.08451746288107154 0.3161371166887356
1 0.05581372441263156 0.880956949931001 0.11162744882526313 0.11802975192688088
1 0.09248254319246288 0.457733863309589 0.18496508638492576 0.2650622583257217
1 0.07462104859503918 0.25149596126195994 0.13807210985218488 0.2221076768161538
1 0.23407313130769686 0.19824998173825067 0.12400317664306186 0.19135578765245514
1 0.3641608916467791 0.202524568733572 0.11509157625016772 0.19202680647506848
1 0.3017593990903772 0.07624906982638553 0.14789815260503386 0.1033261988381875
1 0.502480683003108 0.18171558665032644 0.1610141020978734 0.217968587362002
1 0.6326626426802364 0.1334138633385034 0.11553408963952716 0.15143905428221283
1 0.7856763267168018 0.18470034361003126 0.101664777035956 0.18758396473458375