1 0.42083820669500627 0.5508835970315269 0.4210419466576679 0.49585487583685117
1 0.11216140603832234 0.45577012931208305 0.22432281207664467 0.3490402586241661
1 0.1109375 0.13369007775694422 0.221875 0.2651929389257403
1 0.2721229042293 0.21373703713504577 0.24324395564700874 0.3974779357565737
1 0.33271956750371157 0.16566997549513823 0.16268586499257687 0.28486159849212933
1 0.4519675344870248 0.19650845532560096 0.13336961852595036 0.3227354901273493
1 0.5860935509953682 0.19804014396851738 0.16824258550926352 0.30556711397281217
1 0.823337923451177 0.17876990000078546 0.30957415309764613 0.23860989802101792
1 0.8266765281554467 0.3995998098499983 0.32274613028560994 0.2228480198518513
1 0.7872466994589171 0.7721154651275457 0.3744090162812007 0.4557690697449086
1 0.6694207123492157 0.8179446668505376 0.2682561223701228 0.3641106662989248
1 0.5290070742895748 0.8424722560499445 0.2025224102490643 0.31505548790011095
1 0.43974317842801786 0.8576006966837582 0.11846279214646938 0.2847986066324836
1 0.36391766282418564 0.8384409478382955 0.11097119671445368 0.32311810432340915
1 0.28155886420366666 0.8409273974200172 0.11832391197341571 0.31814520515996564
1 0.21954686510817778 0.814051521018009 0.11578428878243799 0.3718969579639818
1 0.1068520290599579 0.8023143557021759 0.2137040581199158 0.3953712885956481