1 0.6002026724219713 0.5295172898503978 0.16569837722570976 0.22324874163003816
1 0.11965874139075985 0.6613420852933867 0.17539806991056475 0.1541920584069672
1 0.2516277432494708 0.7214812946271797 0.123734004011021 0.12533491507440608
1 0.4236106990311231 0.7317905175981068 0.14059448000643632 0.15013811151611273
1 0.5844384394439691 0.7296881555208422 0.14131536223350166 0.1607285549670344
1 0.7228276452256214 0.7362688104286965 0.17961217426882392 0.1758717459069672
1 0.5085654679118319 0.9497466386067674 0.2030117093646954 0.10050672278646502
1 0.7129053448439426 0.9680873344080508 0.16451041267615948 0.06382533118389837
1 0.19251858256696347 0.10995726723031396 0.16183783486607303 0.18765808517078914
1 0.44638453634310526 0.18761633553858192 0.22334841603900327 0.14231517410806113
1 0.6509860324788838 0.22309472011333265 0.19050073340597998 0.17880015535700178
1 0.8058070477889702 0.2929532168879455 0.09998323823625696 0.18404152685577008
1 0.06571509860159139 0.37064656304109567 0.13143019720318277 0.19023773400512436