1 0.29348831614932885 0.4523958107914357 0.10538178398802645 0.2165198425189466
1 0.4311831850618965 0.4067040190382416 0.10352070718198388 0.2216224037229974
1 0.5409166952081662 0.372847845946714 0.08260917786005528 0.1743545653747221
1 0.6736940133893853 0.44886495885893646 0.16497838149199798 0.23440979441579834
1 0.8240212958567895 0.45449165933004787 0.1201286444792892 0.1899229901273493
1 0.9288684829505762 0.4993072903855573 0.025612463371175665 0.20486058964422452
1 0.8392622865212985 0.6104293010359738 0.09762966091568615 0.23046768720555538
1 0.6730117694751699 0.7235621624875939 0.19281029230839586 0.14187283898462918
1 0.5219986943940921 0.723472562534862 0.10162410632984216 0.20234507768623827
1 0.34114416070887205 0.7619861327989359 0.2138567572026652 0.17452641509209457
1 0.1816385215037649 0.8580975895851392 0.13024882548564348 0.2110898716070949
1 0.12551916070887204 0.7808508758717132 0.07551393901979853 0.31531414652457174
1 0.09102715827324005 0.8668074997171761 0.15004565026309125 0.1162898233625345
1 0.10937636890927241 0.43877068261064833 0.20135566730757212 0.2627492307612613
1 0.09017853530677786 0.23545019297824094 0.13197496671934555 0.22060157264385385
1 0.24522849959296292 0.15303008930231526 0.11876486617165787 0.18999868922018495
1 0.37476599512873604 0.133090153251297 0.10980776471060824 0.19077515825881922
1 0.304710819399035 0.03516244802062522 0.14530459172016935 0.07032489604125045
1 0.5108847272718287 0.09742432828384301 0.1551046508711753 0.19484865656768602
1 0.6371648092527653 0.04487756334798088 0.1114389935055307 0.08975512669596176
1 0.7924796006486231 0.06516168756149956 0.09647196763270749 0.13032337512299913