1 0.6272847617393452 0.3767327101496022 0.15318458423078524 0.22324874163003816
1 0.15757366643508328 0.6074079147066133 0.16716838328610417 0.1541920584069672
1 0.2922041839680879 0.6363312053728203 0.11691678842423378 0.12533491507440608
1 0.4636735139178588 0.6088344824018932 0.13237646669633668 0.1501381115161129
1 0.6233339228946113 0.5718743444791577 0.13245531663355053 0.1607285549670344
1 0.7612095028443824 0.5481061895713035 0.17008674975029942 0.1758717459069672
1 0.5631031926061296 0.8363678428051655 0.1934979581605317 0.17827775996259945
1 0.7670695234786903 0.8075730126563535 0.15722626451493477 0.13750463705508978
1 0.1977015341432195 0.0786546376775403 0.15147193171356096 0.1573092753550806
1 0.4544624698808737 0.08269616446141809 0.21616932770702704 0.1423151741080611
1 0.6598110581357521 0.0808089287825841 0.18087024905820695 0.1616178575651682
1 0.817713828437126 0.10548428311205446 0.08941888873960906 0.18404152685577008
1 0.07383972539680356 0.3465409369589043 0.14767945079360711 0.19023773400512436