1 0.46552586251335526 0.50650979793923 0.41297811265039375 0.46575087122054304
1 0.13508190516429391 0.44392162798377355 0.2505208774894797 0.33090674403245296
1 0.12149803248413762 0.12336477466581822 0.21799606496827523 0.24672954933163643
1 0.28863345798203355 0.18802278919677326 0.23663509550127576 0.3760455783935465
1 0.3445907921027845 0.1343920866486372 0.15793158420556894 0.2687841732972744
1 0.4656126202330856 0.15391313047273705 0.12790492796617112 0.3078262609454741
1 0.598851706167935 0.14308417113155558 0.16313309983587007 0.28616834226311116
1 0.8326165817584983 0.10229555995386577 0.30585816351699646 0.20459111990773154
1 0.8477314451544548 0.31596332988545983 0.30453710969109055 0.19914407920908897
1 0.8327306875636136 0.6958780965547778 0.33453862487277275 0.44002830004772503
1 0.7386012970817439 0.7839149932368226 0.26099149935721633 0.4182977928667938
1 0.600439098170203 0.8113143819223673 0.19640195682211187 0.35214312469166914
1 0.5128126125981733 0.8310916272676849 0.11288880777549473 0.31993405934714686
1 0.43575903927719556 0.8179200126114117 0.10476877292910416 0.35576247134587435
1 0.35394604408651903 0.8251245326225476 0.1123400758104574 0.3433556506802951
1 0.28981905670039076 0.801642126631138 0.10895342558271395 0.391734061346272
1 0.15924117929572904 0.8000352679821827 0.24198418039203737 0.3995294746976349