3 0.16981289217367962 0.11665963478028056 0.28337578434735927 0.23037133197589008
3 0.5372292647229412 0.13746561623577225 0.3121252328772247 0.2347852241626168
3 0.8648509022671644 0.15478474954571478 0.270298195465671 0.23289158370024127
3 0.8727006296121026 0.3882180472617226 0.25459874077579486 0.27501849884046087
3 0.5684747549570088 0.382532454770383 0.3193699387639331 0.26307399847287627
3 0.23242281868237807 0.36414546641748635 0.29868442405641743 0.25152400582253687
3 0.26046848048664595 0.6191228934867079 0.3064633640071559 0.2503811774925769
3 0.6074777206836923 0.6435108983479478 0.3449294608252066 0.28011238240543135
3 0.892604558862842 0.68591191881302 0.21479088227431617 0.28188707485235726
3 0.8019098285655446 0.8856508528374472 0.3049118627833295 0.22869829432510577
3 0.4699534069953444 0.8743061177061102 0.3706183027294401 0.2331992001631562