3 0.1475813843138065 0.1075281574685328 0.26421223137238703 0.2150563149370656
3 0.5146778790521347 0.09566642308917868 0.29270317873802176 0.19133284617835736
3 0.8451466290521346 0.0824612156419339 0.25657036623802154 0.1649224312838678
3 0.8135270898013574 0.2813652927180267 0.2541560714608707 0.2806002731386723
3 0.4957025529696543 0.31633782426112056 0.297466273448115 0.26968723719577775
3 0.15981055560049023 0.3410123958461707 0.2777113629318301 0.2576899723612807
3 0.139185140201111 0.5971915408671489 0.278370280402222 0.25673426810836625
3 0.4812859242704556 0.577216124676039 0.32162988922254243 0.28726873735195274
3 0.8118610900837059 0.5770563010163965 0.29233108790359524 0.2883542655151256
3 0.6245375824029598 0.8152578084895736 0.28312883134415223 0.26723965726804016
3 0.29466036660382666 0.8301429829790532 0.3516098504530062 0.2411223074253762