4 0.576307099778518 0.7456472504633361 0.07511114878875987 0.0803782336420971
4 0.487397189230345 0.6289533129845406 0.07388861023209703 0.10995660623743539
4 0.41532432525839924 0.5061904247801058 0.03952117982650449 0.1058333377489479
4 0.4062916818290893 0.41411205218476754 0.05000112604051328 0.07170635533038627
4 0.4507425886766345 0.42352176851950346 0.06549541872231472 0.09758123318857255
4 0.37127752930048075 0.3198089806778883 0.051373260139811985 0.07487227810713434
4 0.1311543746124038 0.2749503815810129 0.047589549081764694 0.08273004042572447
4 0.22521765036914027 0.12994292722717646 0.04741169937476943 0.08603671200014178
4 0.3769222478405317 0.036103647190109577 0.056969495681063353 0.07220729438021915
4 0.4109944640642308 0.14537941035213547 0.05229451187476943 0.08620722356992569
4 0.35006745604466627 0.12323408104070799 0.05324371838316742 0.07669147477225655
4 0.7133625046234785 0.42844484837908514 0.06498720137966067 0.0926916002257812
4 0.6488797000276867 0.41190467832348476 0.034742018044019926 0.05558346154661713
4 0.5419287931801413 0.404677510081983 0.06251101923911051 0.07837922402345025
4 0.7664092705057239 0.8407985154394606 0.12786531018595432 0.09469247674459816
4 0.8881865360834276 0.7128322281459996 0.06877466147332996 0.14875310818857254