4 0.7638982450563214 0.1357838319281342 0.08838594929733734 0.14668031807933413
4 0.5607021892401227 0.13881951877395754 0.09142374097041017 0.08424418316540572
4 0.4522883917217973 0.23790680480147422 0.11227299298185311 0.08984314425849815
4 0.3273048172161651 0.22263149046617117 0.10560505282093775 0.08922062352359203
4 0.11056543144645259 0.1768750132468439 0.1063603261197041 0.09723525648638338
4 0.20529914121759413 0.08276540389834955 0.07934828243518828 0.15396330290255764
4 0.19457335275344653 0.49778027948891274 0.07703050913642193 0.1458941062374354
4 0.40309032912033455 0.5931275289407585 0.09212295449311743 0.1109610728886576
4 0.49009865622385673 0.5891518462712865 0.05637398370016182 0.09568453051179607
4 0.6471738288682329 0.52839293946253 0.09525349032093758 0.08885913899565026
4 0.7308657678562541 0.5772967201325692 0.06884666853924629 0.09573041513044274
4 0.7207862914893661 0.48887906087674204 0.04050323824646931 0.06376178561640096
4 0.8073629298569689 0.5121652826537736 0.10653242983238087 0.09412389741196617
4 0.8982068151224782 0.4070090459006176 0.10911781891248111 0.12831040537475752
4 0.924118741121049 0.5435194647750915 0.07529198103924628 0.09595549040255769
4 0.9225776564759582 0.6775125188587756 0.09426451770561535 0.12486918316540567
4 0.821714642982305 0.6170983193142625 0.06295730145896741 0.07837922402345043
4 0.8180211964527151 0.6980209371002773 0.08164159948149603 0.12267486104675882
4 0.8130166221991846 0.7601935548862923 0.06469592055068922 0.1004563569862416
4 0.7980361144055145 0.813445040458322 0.07665916853924629 0.09600323364209729
4 0.722304140888618 0.7780680464487717 0.0769283047693552 0.0747755553072194
4 0.5685782073484784 0.7641270536203478 0.06658620248167466 0.10519842068857237
4 0.3980582577167956 0.7106324874709463 0.0757371453665308 0.12461186420022692
4 0.27516170709637694 0.680622550540305 0.11004528691847053 0.10535219639104518