4 0.5941905569752763 0.6961963535407285 0.07693515170836793 0.08695337141810314
4 0.5024829276631932 0.5871215172174162 0.0764074714067938 0.11623870166130743
4 0.42748434472245267 0.47036599723172773 0.041971469462870205 0.10891028244635467
4 0.4162939835536566 0.37858066698852344 0.05164227152457155 0.07597378458333708
4 0.4610008908109714 0.3838877903933839 0.06773085087190953 0.10314903787911796
4 0.37904897031134194 0.2869882372388835 0.05308754859809008 0.07924959824213555
4 0.13768238506152725 0.2643275963161565 0.04949126641148131 0.08670442732654138
4 0.22843594123481453 0.10964974434189893 0.0493911311145947 0.089974468606942
4 0.3779096779924999 0.01976653605864067 0.05894435598499985 0.03953307211728134
4 0.4147247557494442 0.10779672869095365 0.0542739436145947 0.09060285885193524
4 0.35323088967967564 0.09121920407007163 0.05499914976444433 0.08123363123033309
4 0.7239499501418047 0.36426857326174544 0.06710834763203692 0.09824108976931827
4 0.6590282877006937 0.35366251083685796 0.03601744865697896 0.05851388506795683
4 0.5518213804433788 0.35639878256791124 0.06429845067160862 0.08378219239092041
4 0.786669874364628 0.774131380328982 0.1299818850024419 0.10613944362483138
4 0.9055579924606466 0.6340038354219613 0.07220780982577538 0.15432091287911795