4 0.76134422249741 0.1490083830827999 0.085024673179627 0.14804990615087882
4 0.5579110074435981 0.14847835933836728 0.08952646706950454 0.08574355763774513
4 0.4470891315125847 0.24554370985876567 0.11026170021671042 0.09170113904882315
4 0.3223609592628437 0.22809618102595036 0.10360288156493391 0.09096249363952165
4 0.10651548138875018 0.17859639077317438 0.10417116392635144 0.09898054203391293
4 0.2035295684446341 0.08626280585660824 0.0758091368892682 0.1551655348257091
4 0.1830802512383451 0.5005809334007996 0.07367835452785063 0.14706559927618806
4 0.389535766539826 0.5994665699901024 0.08960085721619242 0.11243995477139776
4 0.47670828080784966 0.5970210006773685 0.05418026075223956 0.09655546556976091
4 0.6353341100058507 0.5390900712332979 0.09325131906493382 0.09041999123678704
4 0.7179497109154734 0.58940100972248 0.06666206710046332 0.09681993781079896
4 0.7099316956139926 0.5009150418346557 0.039043796784234176 0.0643936404623755
4 0.7960340155063687 0.5256903917892272 0.10441623971213972 0.09587601382269532
4 0.8894136803125117 0.42225553256240145 0.10620349674258023 0.13006593721708662
4 0.9121513211307212 0.559052847691264 0.07310737960046332 0.0971577223257091
4 0.9074724373418249 0.6928546376053557 0.09141860685425698 0.12636855763774513
4 0.8079411641824612 0.630746383987311 0.06117404642229864 0.07938677634540951
4 0.8023504437519657 0.7115050610565326 0.07883673542126282 0.12395564789670707
4 0.7958864280362 0.7735137381257541 0.06239730024766885 0.1014673247398008
4 0.779647151981352 0.8264373422641971 0.07447456710046332 0.09722937358644757
4 0.7046813852321291 0.7897761459730986 0.07524082557864595 0.07603243413596843
4 0.551156124893047 0.773157454770383 0.06417812406898663 0.10623671189493056
4 0.38174899937631823 0.7167392791714995 0.07288211300603331 0.12578677267057933
4 0.2594544683590716 0.6846117746489437 0.10766913378776896 0.10715212884417244