1 0.14608011399984092 0.15305630142605575 0.29216022799968183 0.3048248971478885
1 0.2748256353039559 0.2159471868664793 0.2440987293920882 0.4318943737329586
1 0.4423318559834553 0.1207347606380034 0.13994339036639616 0.2414695212760068
1 0.6502625346515007 0.11022338593140288 0.2775999306969986 0.22044677186280576
1 0.4736154819382755 0.4519013049420971 0.3471875035606109 0.4484740273435513
1 0.1565188886060028 0.44593414783525953 0.283167089542873 0.3174463504803665
1 0.0506887013049104 0.5778159277912931 0.1013774026098208 0.3193681444174139
1 0.1088904371245559 0.8095017441462675 0.2177808742491118 0.380801199207465
1 0.3451422998886414 0.8182489884889268 0.11999974654875914 0.35985351036677676
1 0.5029093465547779 0.8212371122218854 0.2290908000477252 0.35287151170746467
1 0.6610672918921413 0.790631485954844 0.2636206150540884 0.3999442270174466
1 0.7543371285805495 0.6299434499486863 0.20738507206792872 0.5015632813212706
1 0.9116518312778663 0.40326225439980423 0.1722600920591791 0.4369101684215192
1 0.8235080359643654 0.25769120004688223 0.3119860203592374 0.1926224761875342
1 0.9333780965547778 0.8187327182954507 0.1150283000477252 0.3522079154946528