1 0.14967595773128484 0.1581571439692207 0.299242812689028 0.3116267879384414
1 0.28238066137850715 0.22447612892552588 0.2491363227570143 0.43976850831327025
1 0.4465866721120834 0.13478680628084144 0.14277817327526937 0.24754416285614025
1 0.6541627827694099 0.13067728246165805 0.28020056553881967 0.23143918276559186
1 0.4894892190335421 0.4686222486798518 0.35238422667984415 0.45643533133703934
1 0.17211988107763926 0.4515805350354475 0.28684298686737003 0.3239527045721321
1 0.06658100873680603 0.5796707796251711 0.1136689886008336 0.32184155925034225
1 0.13135659602711874 0.810205078125 0.23383277870797775 0.37958984375
1 0.37378048536979236 0.8246789975008226 0.12418031252263048 0.35064200499835463
1 0.5316839043477437 0.8300381556477031 0.23318270801562518 0.3399236887045937
1 0.6888054201153132 0.8055243819523877 0.2682581107510419 0.3889512360952246
1 0.7764839920193062 0.656538751978557 0.2132092210755733 0.5062554947543259
1 0.9186246730620141 0.4352584485342025 0.16275065387597182 0.44080215940862677
1 0.8326722553183336 0.28655051240339835 0.31420701707292553 0.19983357163794652
1 0.9512962751699655 0.8371305562808414 0.09740744966006894 0.3257388874383171