1 0.47447429330499374 0.5195326189092724 0.4210419466576679 0.4680602913933864
1 0.14286908921197927 0.44739892572970097 0.2562588025772479 0.332297851459402
1 0.1236565852552504 0.1254830154212755 0.2223131705105008 0.25052965421934553
1 0.29193959577069994 0.19398537378053637 0.24324395564700882 0.38182980356989865
1 0.34696793249628843 0.14186949472169894 0.16268586499257687 0.2744659862002823
1 0.46834496551297516 0.16428205722087513 0.13336961852595036 0.3145421062289067
1 0.6014064490046318 0.1564576948011292 0.16824258550926352 0.2948568976247645
1 0.8344745765488231 0.12071861241315536 0.30957415309764613 0.21770924593951496
1 0.849725203350874 0.3405089610331836 0.3005495932982519 0.20096252029006792
1 0.8369931462002412 0.7198555417963044 0.3260137075995175 0.44207404626382657
1 0.7524542876507843 0.7973654580438483 0.2682561223701228 0.40526908391230343
1 0.6147429257104251 0.8256717155269694 0.2025224102490643 0.3486565689460612
1 0.5274443215719822 0.8424484078465297 0.11846279214646938 0.3151031843069404
1 0.45014483717581444 0.8258054914506721 0.11097119671445377 0.3483890170986559
1 0.36844113579633336 0.8313046168314455 0.11832391197341571 0.33739076633710885
1 0.3038906348918222 0.8065557374180983 0.11578428878243799 0.38688852516380334
1 0.1732581105815627 0.8017125044642268 0.248924337402957 0.39657499107154626