1 0.6777346485576385 0.41705370816534426 0.12987325721819457 0.21592597241038014
1 0.2282035079806939 0.6216415473773236 0.15183770647278658 0.1454848281317176
1 0.36779203163204804 0.6588029534156459 0.10421733415618065 0.1193851650834338
1 0.5383045533835411 0.641283503506503 0.11706753552388918 0.14346752643008073
1 0.6957903982732981 0.6135225944159629 0.11595037521325544 0.1541380626693421
1 0.8327091700247913 0.5977637183421096 0.15234230680041705 0.16716451563171758
1 0.6646988267505548 0.8765515388980389 0.1757752608515192 0.1681975104586641
1 0.867969297115277 0.8596562087311712 0.1436569846120836 0.129255079856069
1 0.20735659868947912 0.08291099728646653 0.13216180262104177 0.16582199457293306
1 0.46951045336288183 0.11038538557325006 0.20279575857200527 0.1305987433566082
1 0.6762507626334374 0.11203533751855795 0.16293009534049502 0.16947506642884344
1 0.8398943821244789 0.15495874265236914 0.06973908375230024 0.18019707301544957
1 0.1002473878240622 0.35290259271848223 0.15540399012104184 0.1813703181531947