1 0.44765625 0.51171875 0.396875 0.46171875
1 0.11953125 0.4453125 0.2390625 0.328125
1 0.1171875 0.1234375 0.209375 0.246875
1 0.28203125 0.1890625 0.2234375 0.37734375
1 0.33984375 0.1359375 0.1484375 0.271875
1 0.46015625 0.15625 0.11640625 0.3125
1 0.59375 0.14609375 0.15234375 0.2921875
1 0.82890625 0.10625 0.2984375 0.2125
1 0.84375 0.32578125 0.3125 0.19609375
1 0.82421875 0.70546875 0.3515625 0.4359375
1 0.7109375 0.7921875 0.2453125 0.41484375
1 0.571875 0.81796875 0.18359375 0.35
1 0.48359375 0.83671875 0.10234375 0.31875
1 0.40703125 0.82265625 0.09296875 0.3546875
1 0.325 0.82890625 0.1015625 0.3421875
1 0.26171875 0.8046875 0.0953125 0.390625
1 0.13125 0.8015625 0.228125 0.396875