1 0.47447429330499374 0.51171875 0.4210419466576679 0.4611328125
1 0.14286908921197927 0.4453125 0.2562588025772479 0.328125
1 0.1236565852552504 0.1234375 0.2223131705105008 0.246875
1 0.29193959577069994 0.1890625 0.24324395564700882 0.3779296875
1 0.34696793249628843 0.1359375 0.16268586499257687 0.271875
1 0.46834496551297516 0.15625 0.13336961852595036 0.3125
1 0.6014064490046318 0.14609375 0.16824258550926352 0.2921875
1 0.8344745765488231 0.10625 0.30957415309764613 0.2125
1 0.849725203350874 0.32578125 0.3005495932982519 0.1955078125
1 0.8369931462002412 0.70546875 0.3260137075995175 0.4359375
1 0.7524542876507843 0.7921875 0.2682561223701228 0.4154296875
1 0.6147429257104251 0.81796875 0.2025224102490643 0.35
1 0.5274443215719822 0.83671875 0.11846279214646938 0.31875
1 0.45014483717581444 0.82265625 0.11097119671445377 0.3546875
1 0.36844113579633336 0.82890625 0.11832391197341571 0.3421875
1 0.3038906348918222 0.8046875 0.11578428878243799 0.390625
1 0.1732581105815627 0.8015625 0.248924337402957 0.396875