1 0.27682418385067115 0.4740256566279563 0.10538178398802645 0.20880124684714704
1 0.4156918149381035 0.4388228586091845 0.1035207071819837 0.2140519576802152
1 0.5262708047918337 0.4133223245942306 0.08260917786005528 0.16831006051081765
1 0.6559934866106147 0.49929509257641325 0.16497838149199798 0.2221874500218739
1 0.8056662041432106 0.5162996845560505 0.1201286444792892 0.1810488273492151
1 0.9086315170494238 0.5689968758752785 0.025612463371175665 0.2031864988363294
1 0.8154252134787014 0.6731854838876871 0.09762966091568578 0.2233565050127268
1 0.64573823052483 0.7735774772438223 0.19281029230839586 0.12741343519254436
1 0.49518880560590794 0.7620507259309577 0.10162410632984216 0.19489315134666985
1 0.31354333929112793 0.7868160106222293 0.2138567572026652 0.1585114401953284
1 0.15117397849623512 0.8707199379774101 0.13024882548564354 0.2014749606838741
1 0.09791833929112796 0.7893250346515007 0.07551393901979853 0.3099955748428517
1 0.06777908342915279 0.872555705323046 0.13555816685830557 0.10504526652012416
1 0.09721323237225685 0.4464744633195461 0.1944264647445137 0.24780093319341923
1 0.08169646469322214 0.24196877665500055 0.13197496671934555 0.21086814201741966
1 0.23914650040703708 0.17140064330045607 0.11876486617165787 0.1812282311823629
1 0.3689840048712639 0.16129784261618413 0.10980776471060824 0.18268618851447666
1 0.303101680600965 0.04396253598425072 0.14530459172016935 0.08792507196850144
1 0.5063027727281714 0.12533197593095774 0.1551046508711753 0.20469327685390812
1 0.6347101907472347 0.06692963562720068 0.1114389935055307 0.13385927125440136
1 0.7887703993513769 0.09705024522600494 0.09647196763270749 0.17940664717934035