1 0.68828125 0.453125 0.125 0.209375
1 0.24296875 0.634375 0.14921875 0.13828125
1 0.38359375 0.67890625 0.1015625 0.1140625
1 0.55390625 0.6703125 0.11328125 0.1375
1 0.7109375 0.65078125 0.1125 0.14765625
1 0.84765625 0.6421875 0.14921875 0.159375
1 0.6859375 0.9125 0.17265625 0.15859375
1 0.8890625 0.90625 0.14140625 0.121875
1 0.209375 0.08671875 0.128125 0.1734375
1 0.47265625 0.13515625 0.2 0.11953125
1 0.6796875 0.14765625 0.15859375 0.16171875
1 0.84453125 0.19921875 0.065625 0.17734375
1 0.10859375 0.35859375 0.15078125 0.1734375