1 0.6698178211036264 0.4451161225732315 0.13353137749004845 0.2108295066836355
1 0.21711994954507707 0.6315478026336834 0.1542434665396307 0.13942481185351027
1 0.3559304401535369 0.6744427326145933 0.10621019072219058 0.1152442866804538
1 0.5265931086326061 0.6638672172581398 0.11946988316510634 0.13882496468212438
1 0.6844201960850359 0.6425087432368226 0.1185404062639428 0.14955124351527208
1 0.8214891145641051 0.6323241265515962 0.15512684611182798 0.1611044993535103
1 0.6487559742224753 0.9045183945735499 0.17855638773730362 0.16118190685669234
1 0.8521356422072529 0.8959048212126419 0.14578633820316256 0.12351359268578328
1 0.20584148171121125 0.08587331799013682 0.13519203657757747 0.17174663598027365
1 0.4671490548291851 0.12965639660250294 0.20489440033244383 0.12244439819381694
1 0.67367096885963 0.1397473699077315 0.16574534648254655 0.1629850358549422
1 0.836413707985215 0.1893917392186871 0.07282732894449069 0.17752142850890867
1 0.09398217437338716 0.3573301473185916 0.15843422407757746 0.17519881668721488