1 0.28515625 0.47734375 0.10234375 0.20703125
1 0.4234375 0.44375 0.09921875 0.2140625
1 0.53359375 0.41953125 0.0796875 0.16796875
1 0.66484375 0.50703125 0.16171875 0.2203125
1 0.81484375 0.52578125 0.11640625 0.1796875
1 0.91875 0.5796875 0.02265625 0.20234375
1 0.82734375 0.6828125 0.09375 0.2234375
1 0.659375 0.78125 0.190625 0.12578125
1 0.50859375 0.76796875 0.09765625 0.19375
1 0.32734375 0.790625 0.21171875 0.15546875
1 0.16640625 0.87265625 0.12734375 0.2
1 0.11171875 0.790625 0.06953125 0.30859375
1 0.07578125 0.8734375 0.14765625 0.10390625
1 0.1015625 0.44765625 0.19765625 0.24609375
1 0.0859375 0.24296875 0.12890625 0.209375
1 0.2421875 0.17421875 0.115625 0.18046875
1 0.371875 0.165625 0.1078125 0.18203125
1 0.30390625 0.04609375 0.14375 0.0890625
1 0.50859375 0.13125 0.1515625 0.20234375
1 0.6359375 0.0703125 0.1078125 0.140625
1 0.790625 0.10625 0.0921875 0.17890625