1 0.2879333546988232 0.4922881558111797 0.1029656939627042 0.2129500884778251
1 0.42601916197861145 0.4659414190401628 0.10104324892459786 0.21812116703391293
1 0.5360345114128774 0.4474957134768102 0.08066130471640402 0.1715590574116174
1 0.6677935715213359 0.5418742345077094 0.16241455313022612 0.22875711287275563
1 0.8179026558302913 0.5684854014001657 0.11803757879415606 0.18581880074034024
1 0.9221225232185383 0.6278371472162941 0.023250922885465285 0.20408634356620786
1 0.8313162369177929 0.7261717486412037 0.09504310357907571 0.227178854307785
1 0.6639201795398089 0.8158063794647553 0.19135336502125444 0.1351855454258299
1 0.5130616614876321 0.7946230189947341 0.09936939202587265 0.19889865487878317
1 0.33194347169428656 0.8077803589996829 0.21204071211307687 0.16711968933690785
1 0.17148321554596652 0.8813772320213186 0.1279213784621911 0.206643095459901
1 0.11631847169428658 0.7964799315917773 0.07191594230287937 0.3128543735864476
1 0.08086276072550631 0.8774090270237931 0.14884328749413972 0.11108935634293501
1 0.10416688787631048 0.4529789150834339 0.19849863517038496 0.25583582994073983
1 0.08735105083688056 0.24747254353213638 0.1295384206166688 0.21609998261503086
1 0.24320107503737737 0.18691125904511155 0.11667152758904101 0.1859424619796016
1 0.3728385780624395 0.18511414292088096 0.10769624294812061 0.18703411083760554
1 0.30417441559284875 0.062020801672736735 0.14426815046753827 0.09659611827193718
1 0.5093573401626879 0.15790426899473425 0.15274311038546529 0.21087274154758595
1 0.6363465661585828 0.10364057213780901 0.10980250731716552 0.14633662907030018
1 0.791243144417414 0.14768490049565444 0.0943968122299614 0.18321307001900267