3 0.15516985268140843 0.10826644167937498 0.25408970536281683 0.21653288335874996
3 0.5223755340149538 0.10567171223819645 0.2824441078632146 0.2113434244763929
3 0.8528442840149539 0.10161558933433996 0.24631129536321444 0.20323117866867993
3 0.8376027340467707 0.3251291401051729 0.24192165153563466 0.26805969550172765
3 0.5205425033815887 0.343449261114826 0.2858963718670326 0.2548292674525783
3 0.18459591271481596 0.35048704321864566 0.2666330228656008 0.24383688946061657
3 0.1781935607494962 0.6061739987657291 0.2746226540320553 0.24246077336541685
3 0.524360036083678 0.6043685773192357 0.3093226453691802 0.27119054787138913
3 0.856682187420405 0.6216404641933673 0.2798690932029643 0.2738244220878562
3 0.6850815494509492 0.8506954506099994 0.2716226507001803 0.2531302256830557
3 0.3544946207829038 0.8482309461446871 0.3415692513625782 0.2233214547861806