3 0.15580176095704862 0.10826644167937498 0.25535352191409727 0.21653288335874996
3 0.5230165344959989 0.10567171223819645 0.283724972299629 0.2113434244763929
3 0.8534852844959989 0.10161558933433996 0.24759215979962904 0.20323117866867993
3 0.8396075653385499 0.3251291401051729 0.24344914204365722 0.26805969550172765
3 0.5226109801112023 0.343449261114826 0.2873408960007353 0.2548292674525783
3 0.18665984334172717 0.35048704321864566 0.26801617461282046 0.24383688946061657
3 0.18174406696010775 0.6061739987657291 0.2759967135738702 0.24246077336541685
3 0.5279469111159092 0.6043685773192357 0.31085922808260735 0.27119054787138913
3 0.859851019656338 0.6216404641933673 0.28029796068732404 0.2738244220878562
3 0.6901231773479635 0.8506954506099994 0.2730592191541536 0.2531302256830557
3 0.35947714934478625 0.8482309461446871 0.34282283918277817 0.2233214547861806