4 0.5406805105467163 0.7855501112156071 0.07147745525514822 0.08078674395422318
4 0.4573440848170153 0.6627081774134987 0.0688706524952046 0.1103469099618346
4 0.39109970170098807 0.5350978305695288 0.0346398271096728 0.10602450692008211
4 0.386365562902918 0.44278299657714 0.0467317125603965 0.07197148876416151
4 0.4303064776755704 0.4555031724705829 0.061042095068339464 0.0979271583553869
4 0.3557956270269472 0.3462926571475437 0.047958134638297165 0.07514423901130751
4 0.11814957670263568 0.2835221072240934 0.04380103652541769 0.08297696727177284
4 0.2188063214276299 0.14631787897292323 0.04346836779568717 0.0862813630227243
4 0.37495513555165916 0.057435745588556755 0.053035271103318314 0.08647601087441492
4 0.4035631509729347 0.17570558452386142 0.04835118029568726 0.08648032238583174
4 0.34376541111920444 0.14906748866847455 0.04974662986961631 0.07697367688202617
4 0.6922706895261234 0.48022989433314345 0.06076155275911965 0.09303638748086254
4 0.6286621570587194 0.4589013809872705 0.03220116467089298 0.05576552742388792
4 0.522221242286067 0.443634525246052 0.058950181716197744 0.07871490798466815
4 0.7260470405784883 0.8945934832684482 0.12364876856675089 0.09540367157768656
4 0.8535799310014115 0.7764403439525827 0.0619353034689631 0.1490990333553869