4 0.7556136748644268 0.1490083830827999 0.07915776183020977 0.14804990615087882
4 0.5516483375304093 0.14847835933836728 0.08621488617214013 0.08574355763774513
4 0.4354233738311545 0.24554370985876567 0.1067511060442639 0.09170113904882315
4 0.3112682563447118 0.22809618102595036 0.10010820845449402 0.09096249363952165
4 0.09742847014216242 0.17859639077317438 0.10035010904477706 0.09898054203391293
4 0.19955911758463857 0.08626280585660824 0.06963176483072289 0.1551655348257091
4 0.1572927868899204 0.5005809334007996 0.06782736424043989 0.14706559927618806
4 0.359122931601922 0.5994665699901024 0.08519868357137864 0.11243995477139776
4 0.4466638382177803 0.5970210006773685 0.050351245339662044 0.09655546556976091
4 0.608768928478664 0.5390900712332979 0.08975664595449402 0.09041999123678704
4 0.6889695128858153 0.58940100972248 0.06284897274989217 0.09681993781079896
4 0.6855768681738137 0.5009150418346557 0.03649642686318479 0.0643936404623755
4 0.7706149435057787 0.5256903917892272 0.10072255332661798 0.09587601382269532
4 0.8696842234618121 0.42225553256240145 0.1011167174314842 0.13006593721708662
4 0.8852996122218855 0.559052847691264 0.06929428524989234 0.0971577223257091
4 0.8735803413410382 0.6928546376053557 0.08645123550821018 0.12636855763774513
4 0.7770371394474443 0.630746383987311 0.05806147880001618 0.07938677634540951
4 0.7671894407753042 0.7115050610565326 0.07394100885424564 0.12395564789670707
4 0.7574508264121195 0.7735137381257541 0.058385192622015934 0.1014673247398008
4 0.7383872090238727 0.8264373422641971 0.07066147274989198 0.09722937358644757
4 0.6651406065645447 0.7897761459730986 0.07229542910743234 0.07603243413596843
4 0.5120656035394825 0.773157454770383 0.059974963699254855 0.10623671189493056
4 0.34515535949141085 0.7167392791714995 0.06789882059798007 0.12578677267057933
4 0.2242116004162246 0.6846117746489437 0.1035216971350601 0.10715212884417244