4 0.5184530778962775 0.7395010701017731 0.07102398151057905 0.08119544799387537
4 0.43859394991250406 0.6237540996712777 0.06824442684794256 0.11073739877966364
4 0.3759859565961396 0.5017378585626179 0.03403064934754481 0.10621576674922295
4 0.37393365527532085 0.40969590777682957 0.046323699842851875 0.07223674793195815
4 0.41755638594050276 0.4185957187778656 0.060486334012965236 0.09827324757002262
4 0.34613646662159303 0.31572973800828796 0.04753193750994278 0.07541632888728741
4 0.1100358819621381 0.2736300909848254 0.043328241844363104 0.08322401121774643
4 0.21480629264800086 0.12742071691583873 0.042976252178147156 0.08652613006596992
4 0.373727853994273 0.0340731313076969 0.05254429201145401 0.0681462626153938
4 0.39892675397836463 0.1407083132773476 0.047859064678147156 0.08675355071317573
4 0.339833564648319 0.11925499834737016 0.04931020401018138 0.07725601282028158
4 0.6791115039385938 0.4204684720876345 0.06023420484563573 0.09338133824413433
4 0.6160484299411391 0.40466584367542174 0.031884074007397345 0.05594767964211726
4 0.5099256992759572 0.39867701695862 0.05850580017703368 0.07905075113702846
4 0.7008650412158236 0.8325125537668349 0.12312255717894267 0.0961152036801451
4 0.8319888665659138 0.7030347613770488 0.06108177268657862 0.14944512257002246