4 0.7543408522734761 0.11377473379453498 0.08083288727580004 0.14440096674886585
4 0.550257324270299 0.12274469193464488 0.08716041152541756 0.08174883345449402
4 0.4328322706995765 0.22519700536275317 0.10775345383463737 0.086750956917414
4 0.3088044354722289 0.21353682181592354 0.10110601044989993 0.08632169789132557
4 0.09541013717651226 0.17401019262201592 0.1014410998370204 0.09433064668621056
4 0.1986772333609085 0.07694481596219108 0.071395533278183 0.1519624757995032
4 0.15156508523064288 0.4931192618056608 0.06949794389106252 0.1439444366455387
4 0.3523678802799487 0.5825777133064713 0.08645559587994231 0.1084998281851842
4 0.43999061120522526 0.5760555234149299 0.05144450902938917 0.09423506769566288
4 0.6028684866106147 0.5105901255796703 0.09075444794989984 0.08626147426242312
4 0.6825326672115797 0.5571520290722707 0.06393769064465164 0.09391716556829977
4 0.6801673721622739 0.4688480531745716 0.03722375405801355 0.06271021455371617
4 0.7649690661559194 0.48965597774441083 0.10177717775911965 0.09120791927598049
4 0.865302077112968 0.3816349203664267 0.10256909892365833 0.12538874307086542
4 0.8793355292242886 0.5176678691367627 0.07038300314465147 0.09395466329950324
4 0.8660525048745592 0.6519792366232053 0.08786952353812652 0.12237383345449401
4 0.7701729890462466 0.5943843843602691 0.058950181716197925 0.07670239449106084
4 0.7593797650208289 0.6755798422057914 0.07533884080680728 0.12054329808185713
4 0.7489138234628154 0.7380253000513136 0.05953073295387146 0.09877384328594588
4 0.7292228863690287 0.7918224657423583 0.07175019064465146 0.09396261736369774
4 0.6563581306869859 0.7585827188656162 0.07313640117645334 0.07268378151766246
4 0.5033831351512127 0.7490981136758137 0.061175053570722324 0.1034704336450254
4 0.3370274780891981 0.7004691952542945 0.06932165442286405 0.12265651044042372
4 0.21638374148187864 0.6739834424256241 0.10470587672414089 0.10235663990436983