4 0.52734375 0.7640625 0.06953125 0.07734375
4 0.44609375 0.64453125 0.06640625 0.10703125
4 0.38203125 0.51953125 0.0328125 0.1046875
4 0.37890625 0.42734375 0.04609375 0.06953125
4 0.42265625 0.43828125 0.059375 0.09609375
4 0.35 0.33203125 0.04609375 0.07265625
4 0.11328125 0.27890625 0.04296875 0.08125
4 0.21640625 0.1375 0.04140625 0.08515625
4 0.37421875 0.0421875 0.0515625 0.084375
4 0.40078125 0.159375 0.046875 0.08515625
4 0.34140625 0.13515625 0.0484375 0.075
4 0.684375 0.45234375 0.05859375 0.090625
4 0.62109375 0.43359375 0.03125 0.05390625
4 0.51484375 0.42265625 0.05703125 0.07578125
4 0.7109375 0.865625 0.12265625 0.08984375
4 0.840625 0.7421875 0.059375 0.14609375