4 0.527294921875 0.763674963396779 0.0695849609375 0.07759882869692533
4 0.4459765625 0.6445534407027819 0.0662060546875 0.10720351390922402
4 0.3819189453125 0.5196852122986823 0.0331884765625 0.10438506588579795
4 0.378916015625 0.42746705710102484 0.04625 0.06989751098096633
4 0.4224560546875 0.4379648609077599 0.05953125 0.09578330893118595
4 0.3499853515625 0.33169106881405563 0.04578125 0.07234260614934114
4 0.113193359375 0.27872620790629576 0.0432958984375 0.08117862371888726
4 0.2166796875 0.13776720351390923 0.041396484375 0.08490483162518302
4 0.374873046875 0.04252562225475842 0.0523681640625 0.08505124450951684
4 0.4007666015625 0.1596852122986823 0.046767578125 0.08499267935578331
4 0.3414990234375 0.13532942898975112 0.04810546875 0.07513909224011713
4 0.6842236328125 0.4523572474377745 0.0587255859375 0.09039531478770133
4 0.6210498046875 0.43322840409956076 0.031005859375 0.0540190336749634
4 0.5150927734375 0.42233528550512445 0.05736328125 0.07579062957540264
4 0.711240234375 0.8656295754026355 0.1225244140625 0.08970717423133236
4 0.840302734375 0.7423133235724744 0.0595263671875 0.14595168374816983